376740
373737
372898
373735
377299
376064
373320
372794
377269
373498
377297
341142
379715
376706
371727
373039
375080
375417
377264
371701
371758
372532
376730
372813
376458
373470
371700
376660
372658
377239
376475
377293
378312
371512
379362
376444
376772
377675
372312
371782
372395
372448
376727
372584
374188
376629
377267
371559
373190
372525
378296
379486
376689
378340
372321
372837
373137
378201
376662
376627
371240
376767
372720
376014
371571
372408
373391
373128
371576
371737
371403
372341
372170
371549
371525
376916
371312
376792
372527
372588
379626
371318
371706
372760
372589
378360
371736
379607
376770
371543
372684
371754
376418
376212
376669
371537
377266
371348
371538
379734
372397
373394
372738
372392
372816
342562
371380
372342
372559
371741
372557
375001
378750
371340
379744
378264
377257
372077
373497
376746
371389
371708
372741
371726
371566
376066
377295
376451
376945
376718
371702
372358
378260
376473
379443
371867
371560
372583
377234
378363
376522
371725
376731
372379
370266
379617
371704
377212
379616
376728
377214
374391
379643
377232
379651
377292
377240
377289
371826
374629
371567
371331
373216
371530
375081
372715
371515
372523
373278
379728
372725
374614
376469
377231
372890
379470
377262
378727
376013
371746
379611
379612
371553
371554
377229
377230
376762
376764
372528
372529
372533
372534
376790
376791
371241
371242
376781
376782
376750
376751
376525
376526
376073
376074
376528
376529
371556
371557