511320
531000
523678
525640
543095
531446
513532
543121
521174
516296
529569
519696
547071
517942
546267
517594
555002
548057
521969
518653
524846
532372
542184
513522
537975
522222
536208
540287
513415
555987
539066
542010
558834
535450
513249
545301
538831
538043
526232
522539
556789
541110
552356
552114
558911
538573
545290
513680
517099
520521
524125
519469
552727
534246
526973
537021
556824
536339
544559
528074
556331
543871
549363
546586
550154
530541
543345
547370
532138
510999
525717
522688
555781
548765
541330
547837
532604
547221
525623
531789
518081
537811
513540
540185
536116
521881
529585
542800
530905
543601
513046
536424
511059
513414
535875
512673
546856
533222
524886
549880
536165
525535
542528
525849
517573
513534
525013
545952
534926
534249
