435921
403149
402826
456178
492934
401795
491689
448574
489407
452110
471634
453205
452668
471684
454484
471632
495430
453967
455658
492063
489113
455682
409636
453201
406043
448507
415500
455697
491639
455602
410791
453226
431371
455671
491681
420992
444444
462239
404389
451249
476248
414170
428575
463997
455636
448523
420785
455652
455656
471662
413753
455645
492992
492962
442959
474843
474255
413348
445377
492925
457032
480286
491607
430951
416917
440168
402318
453296
492980
471627
492953
423608
406130
418238
494939
473764
491650
416511
492916
438439
414382
401940
465355
464579
499897
491601
402707
453241
455692
498752
492976
493196
420206
410852
471670
459907
437766
491680
491656
408597
455670
463564
453236
462845
480228
499002
486854
493371
450589
491618
424671
474552
493171
471681
453249
491632
450327
412345